1446
661
69
15
239
1324
881
933
297
1562
1883
575
835
1069
1951
666
206
955
1369
1187
429
443
1559
3
1707
335
874
1349
75
18
294
1445
970
954
1033
631
1026
874
952
209
40
199
1637
1670
693
1237
1997
1840
1921
861
782
665
667
1597
677
231
981
684
1237
289
508
104
1060
898
950
254
1807
1144
212
597
1278
1193
375
1480
1570
196
1743
638
971
1919
430
1624
1959
1090
1738
1062
1764
1711
178
710
1334
1501
40
1482
1091
848
477
37
236
710
890
642
1127
128
1354
704
87
171
133
270
733
1178
1703
1807
1944
1394
1584
1546
1287
1490
612
1458
1679
1132
482
556
761
1652
610
1266
1587
1685
280
19
1334
1866
693
1540
999
672
1196
231
631
613
82
1991
1861
396
382
189
308
113
1969
1634
1847
1523
1151
1794
1000
387
1275
1289
712
1192
1697
573
1296
892
1004
1127
1478
1878
1608
271
924
580
97
579
35
757
971
1075
733
1121
1083
29
1567
1398
1490
640
1957
1712
298
1599
1471
1683
41
1556
1241
1384
1811
1438
121
466
1452
1528
945
236
1354
903
1045
1297
617
1152
1878
615
872
740
1693
424
160
1946
227
1039
997
1687
397
540
1909
60
997
36
1326
1659
371
1544
140
1047
394
1695
1808
168
1583
1987
812
808
1621
1061
890
109
1412
766
765
1267
1672
1444
15
1637
1029
1605
521
888
871
18
177
1189
56
1339
477
1840
427
51
1271
153
1894
1424
313
1967
796
353
1447
1996
392
412
411
1441
1286
883
188
702
379
354
792
46
1733
872
1376
349
1580
1152
99
1847
232
235
1314
815
12
1563
67
952
785
46
642
516
1885
85
1265
22
1122
576
1535
262
883
761
1351
257
609
617
111
1961
468
1099
945
432
1988
1259
471
1069
1832
1401
1519
1945
453
1440
846
537
1576
1934
1617
1544
208
1440
462
1119
1314
1084
105
1860
1263
842
371
1101
1139
1487
108
1903
612
247
1817
1991
1371
1806
209
836
1471
1196
337
1872
572
1099
1503
1097
1923
1702
1084
1184
1291
1951
1571
924
981
477
222
60
1869
1153
711
1864
108
195
92
1554
635
1534
1100
511
850
660
846
1580
958
223
1712
734
912
326
1933
538
754
888
1768
1550
693
1496
501
1514
631
372
1223
110
720
116
388
1666
1451
732
500
1116
689
398
616
1265
1264
271
152
1675
1563
1972
213
1491
1276
1609
157
1036
725
829
1452
988
1523
382
1391
1191
915
1612
837
505
1471
589
1470
688
1857
1949
789
1892
24
1807
1866
1316
1432
1764
1896
1663
1740
822
1029
1131
1991
322
1960
1301
1032
529
964
213
875
657
1923
1757
635
1284
1006
1839
1574
1253
344
1240
1594
1874
859
173
603
1242
1130
160
566
1909
1941
255
943
314
1787
1257
279
273
1850
78
1530
1814
34
1138
1204
198
119
1853
579
1322
853
1474
536
1933
990
1162
1271
715
1967
332
894
232
1600
748
547
1849
170
893
54
579
724
1844
1093
1295
230
283
957
1255
750
366
558
448
144
1109
1800
451
1624
207
562
1369
1163
1367
1961
851
203
502
533
52
1066
1925
183
155
1062
876
911
352
1475
1116
1851
1930
1814
582
89
363
701
1446
637
554
1980
143
1102
1210
354
1524
1194
1403
410
1152
1226
1997
1341
499
625
381
565
1530
334
1390
509
1930
656
1045
1140
424
265
1824
1104
232
1835
675
494
768
943
401
1080
1287
1797
788
880
768
1926
346
217
573
309
972
1781
210
1732
987
56
408
1650
1865
539
634
722
1442
1389
15
231
869
516
1588
187
658
817
725
1999
82
1153
40
45
62
1872
183
1705
909
457
1320
1238
1773
504
138
1524
109
1360
798
151
1812
1432
1504
68
930
656
1200
356
1938
449
1122
1787
1384
626
30
1746
413
248
1972
432
1635
165
1232
103
967
1681
293
811
83
1638
1978
174
1373
1141
1838
1622
1599
662
297
368
1059
1468
2000
829
411
279
1300
746
1835
435
1336
590
1764
1710
1261
1901
13
1863
1037
1882
1135
1618
1152
1577
846
504
1405
801
1455
1707
961
656
443
951
773
1305
319
147
1775
969
1484
1543
1640
88
1569
1272
437
1866
755
191
692
1701
1063
1575
1189
381
348
1317
1458
362
1592
194
525
251
429
500
1189
980
215
1659
1524
1011
116
1799
1639
1201
881
1222
1147
675
126
1467
752
96
1133
714
1005
269
156
768
961
100
699
1984
1713
1892
1948
1560
754
705
664
1490
1909
1404
1544
1254
330
669
1702
1917
930
604
1840
1680
645
1360
757
1903
764
1791
1536
1533
1197
1716
1919
1433
1825
318
191
455
1203
532
1413
1101
135
1095
1659
490
1764
912
453
1088
575
585
607
1666
230
1144
965
57
1974
1573
1358
1137
74
300
582
1200
320
1326
967
1334
281
1186
1875
495
45
25
1905
1142
1065
1359
17
1636
1879
1645
1933
902
1815
332
463
140
991
1012
889
990
1004
386
773
281
148
1752
73
1303
1994
1678
182
1197
1373
1974
558
93
1342
1725
575
780
764
190
1968
1678
1309
1136
1319
813
219
736
1541
1065
1608
841
79
345
416
1151
890
1471
762
1580
1585
1562
186
1042
1638
1957
38
110
483
1021
1603
606
1308
1520
907
889
1363
1920
29
668
102
118
994
102
921
996
1511
313
1084
1363
380
608
138
251
247
160
1261
1681
1014
103
1344
234
1840
529
1059
1406
1014
170
1125
1400
1675
686
209
250
1789
363
1959
1805
159
392
1317
1461
1956
1343
66
1683
1002
645
104
1221
289
1643
780
1208
742
1325
522
574
1825
1687
929
1098
1255
168
9
1495
61
814
1484
1752
330
1233
824
1259
183
1020
80
1063
1045
965
1897
101
811
190
920
91
1531
868
1014
1602
272
1029
637
1401
1159
143
1953
1810
214
1363
894
491
93
1144
873
487
1048
1163
662
683
1518
900
262
501
425
708
939
37
1042
1067
122
672
1672
279
586
1721
685
678
1007
1552
829
1516
974
775
908
1728
637
1023
1883
529
1001
34
1111
1734
402
1417
1326
1362
855
1069
174
54
1994
570
1564
801
383
1696
126
1811
166
643
1494
1759
1315
19
619
1246
582
342
1333
1888
1964
16
1925
1374
1841
1237
367
507
1360
773
1173
745
1706
1222
497
1831
990
208
1326
1480
986
369
916
1615
783
544
190
662
1802
575
234
590
596
1658
476
449
376
1725
383
211
1276
1329
985
1847
1774
854
1466
1406
1020
93
1121
1834
592
428
1915
1729
1702
725
1785
1052
1340
304
1004
847
69
948
1200
499
361
1141
946
1071
333
1623
752
646
394
1744
651
873
1869
892
1131
413
282
1210
288
519
750
1988
1536
1940
1808
300
1489
149
450
1217
517
1032
1978
529
269
1090
39
1320
540
696
307
1655
1641
1148
1508
1632
432
644
270
621
310
151
377
1073
1526
1569
1466
1526
1421
358
1984
117
334
1731
1422
789
531
320
352
746
690
721
667
1391
119
428
774
1438
1875
53
1663
139
1057
1188
1883
1921
241
936
1774
1700
739
86
131
150
465
1769
1017
1621
233
861
554
721
1222
1943
728
155
1690
1660
1846
1097
1882
1650
1393
471
1366
211
794
679
1635
461
464
1497
71
583
62
1189
481
383
15
1605
1746
1214
281
896
684
1196
765
673
1349
288
1098
1046
1288
1984
872
436
1016
1303
344
1064
82
68
789
1801
718
1279
438
457
481
1846
1668
1337
1299
1862
1587
652
232
485
1742
708
1020
220
963
1849
1664
1315
1592
648
1148
20
569
360
528
1313
1936
247
1963
689
175
1651
951
309
1580
1221
1567
1929
1850
1544
93
1030
1648
456
1108
437
296
501
1399
1150
1382
630
549
878
98
954
1826
1159
565
921
19
289
1436
10
1637
1486
684
558
586
236
1970
1609
801
1395
1269
1633
1985
46
1979
750
1842
262
1621
978
1287
1098
1655
978
1036
155
920
1234
1113
1044
674
639
944
1511
1847
342
1977
1185
224
514
1142
1056
163
323
437
1979
433
553
147
1007
1224
495
1047
1259
620
837
1842
17
653
1366
561
189
1413
73
1276
1473
48
194
543
127
1992
1736
434
1104
541
1986
758
321
1677
1178
767
1885
1701
947
681
821
484
263
296
1501
632
1481
112
560
1448
506
1725
51
1005
1575
128
359
94
767
1495
504
295
929
680
1442
932
980
10
1940
159
913
1295
77
772
299
1730
386
814
1263
1145
177
496
438
1767
1712
546
1015
497
1375
165
1289
1242
908
1221
775
1710
661
538
1180
759
567
443
669
560
21
1616
534
771
101
929
876
1089
1893
241
818
414
539
433
823
1173
1577
1714
909
1168
431
1803
197
668
347
243
661
268
1995
571
1931
413
195
1035
203
865
1754
1815
1780
1691
479
142
1825
37
1865
703
492
1361
588
1497
1085
1659
1863
493
256
1159
1674
34
660
1996
228
309
1455
12
907
1466
1935
1967
1157
979
491
1451
1075
1404
1512
1394
1406
1041
1240
8
1193
1757
1565
1280
662
832
652
818
1812
763
700
634
774
331
909
1360
1903
1808
1973
1504
666
1977
1493
262
838
462
491
1448
1854
426
1025
63
1366
435
434
1058
1281
1191
1677
161
1248
1188
1250
364
1669
819
1305
414
949
722
802
217
844
734
519
671
1243
282
957
986
972
62
1497
521
982
1294
304
1143
1740
597
983
1545
1711
687
1977
1572
340
464
1703
1113
1792
1924
1065
1151
1760
1092
19
187
1942
354
1395
205
909
1873
854
1370
1901
1315
474
1890
42
112
1694
1502
935
401
1078
824
1528
86
715
998
1925
1898
15
1988
1402
1889
190
909
1275
378
1984
1622
901
391
859
1863
272
1766
181
838
1104
60
1206
1890
859
1101
204
458
1285
74
985
1992
1959
1959
1127
781
670
1496
668
553
335
535
1448
1415
600
213
1995
147
1970
1723
868
1417
1507
1979
1348
1244
415
424
1168
1439
271
782
581
291
922
976
1078
430
1839
1532
354
916
869
1085
1425
341
1737
1437
684
227
967
85
1196
1181
52
674
1802
349
472
950
1542
1131
57
296
1603
1900
1522
1384
944
443
1714
1460
850
1857
1073
1264
1100
1316
766
1621
145
1114
3
1225
720
1784
1578
1926
893
603
1705
1418
1329
322
1560
667
1240
566
1204
1380
1816
1911
140
1873
625
485
1944
563
1376
1848
889
1936
621
1532
1963
890
661
1420
551
410
1410
1081
406
1017
1237
120
16
699
1318
1590
594
1000
1826
1656
1790
1144
1844
1619
1165
1195
702
1508
1663
1970
438
1406
722
1149
1694
174
161
1634
11
732
1796
1751
1079
672
69
972
1138
863
451
1912
1811
1345
847
62
269
1583
132
1643
1501
1774
1635
735
1583
1139
236
1366
128
1378
1674
1618
