2000
1999
1997
1997
1996
1996
1995
1995
1994
1994
1992
1992
1991
1991
1991
1988
1988
1988
1987
1986
1985
1984
1984
1984
1984
1980
1979
1979
1979
1978
1978
1977
1977
1977
1974
1974
1973
1972
1972
1970
1970
1970
1969
1968
1967
1967
1967
1964
1963
1963
1961
1961
1960
1959
1959
1959
1959
1957
1957
1956
1953
1951
1951
1949
1948
1946
1945
1944
1944
1943
1942
1941
1940
1940
1938
1936
1936
1935
1934
1933
1933
1933
1931
1930
1930
1929
1926
1926
1925
1925
1925
1924
1923
1923
1921
1921
1920
1919
1919
1917
1915
1912
1911
1909
1909
1909
1905
1903
1903
1903
1901
1901
1900
1898
1897
1896
1894
1893
1892
1892
1890
1890
1889
1888
1885
1885
1883
1883
1883
1882
1882
1879
1878
1878
1875
1875
1874
1873
1873
1872
1872
1869
1869
1866
1866
1866
1865
1865
1864
1863
1863
1863
1862
1861
1860
1857
1857
1854
1853
1851
1850
1850
1849
1849
1848
1847
1847
1847
1847
1846
1846
1844
1844
1842
1842
1841
1840
1840
1840
1840
1839
1839
1838
1835
1835
1834
1832
1831
1826
1826
1825
1825
1825
1824
1817
1816
1815
1815
1814
1814
1812
1812
1811
1811
1811
1810
1808
1808
1808
1807
1807
1807
1806
1805
1803
1802
1802
1801
1800
1799
1797
1796
1794
1792
1791
1790
1789
1787
1787
1785
1784
1781
1780
1775
1774
1774
1774
1773
1769
1768
1767
1766
1764
1764
1764
1764
1760
1759
1757
1757
1754
1752
1752
1751
1746
1746
1744
1743
1742
1740
1740
1738
1737
1736
1734
1733
1732
1731
1730
1729
1728
1725
1725
1725
1723
1721
1716
1714
1714
1713
1712
1712
1712
1711
1711
1710
1710
1707
1707
1706
1705
1705
1703
1703
1702
1702
1702
1701
1701
1700
1697
1696
1695
1694
1694
1693
1691
1690
1687
1687
1685
1683
1683
1681
1681
1680
1679
1678
1678
1677
1677
1675
1675
1674
1674
1672
1672
1670
1669
1668
1666
1666
1664
1663
1663
1663
1660
1659
1659
1659
1659
1658
1656
1655
1655
1652
1651
1650
1650
1648
1645
1643
1643
1641
1640
1639
1638
1638
1637
1637
1637
1636
1635
1635
1635
1634
1634
1633
1632
1624
1624
1623
1622
1622
1621
1621
1621
1621
1619
1618
1618
1617
1616
1615
1612
1609
1609
1608
1608
1605
1605
1603
1603
1602
1600
1599
1599
1597
1594
1592
1592
1590
1588
1587
1587
1585
1584
1583
1583
1583
1580
1580
1580
1580
1578
1577
1577
1576
1575
1575
1574
1573
1572
1571
1570
1569
1569
1567
1567
1565
1564
1563
1563
1562
1562
1560
1560
1559
1556
1554
1552
1550
1546
1545
1544
1544
1544
1544
1543
1542
1541
1540
1536
1536
1535
1534
1533
1532
1532
1531
1530
1530
1528
1528
1526
1526
1524
1524
1524
1523
1523
1522
1520
1519
1518
1516
1514
1512
1511
1511
1508
1508
1507
1504
1504
1503
1502
1501
1501
1501
1497
1497
1497
1496
1496
1495
1495
1494
1493
1491
1490
1490
1490
1489
1487
1486
1484
1484
1482
1481
1480
1480
1478
1475
1474
1473
1471
1471
1471
1471
1470
1468
1467
1466
1466
1466
1461
1460
1458
1458
1455
1455
1452
1452
1451
1451
1448
1448
1448
1447
1446
1446
1445
1444
1442
1442
1441
1440
1440
1439
1438
1438
1437
1436
1433
1432
1432
1425
1424
1422
1421
1420
1418
1417
1417
1415
1413
1413
1412
1410
1406
1406
1406
1406
1405
1404
1404
1403
1402
1401
1401
1400
1399
1398
1395
1395
1394
1394
1393
1391
1391
1390
1389
1384
1384
1384
1382
1380
1378
1376
1376
1375
1374
1373
1373
1371
1370
1369
1369
1367
1366
1366
1366
1366
1363
1363
1363
1362
1361
1360
1360
1360
1360
1359
1358
1354
1354
1351
1349
1349
1348
1345
1344
1343
1342
1341
1340
1339
1337
1336
1334
1334
1334
1333
1329
1329
1326
1326
1326
1326
1325
1324
1322
1320
1320
1319
1318
1317
1317
1316
1316
1315
1315
1315
1314
1314
1313
1309
1308
1305
1305
1303
1303
1301
1300
1299
1297
1296
1295
1295
1294
1291
1289
1289
1288
1287
1287
1287
1286
1285
1284
1281
1280
1279
1278
1276
1276
1276
1275
1275
1272
1271
1271
1269
1267
1266
1265
1265
1264
1264
1263
1263
1261
1261
1259
1259
1259
1257
1255
1255
1254
1253
1250
1248
1246
1244
1243
1242
1242
1241
1240
1240
1240
1238
1237
1237
1237
1237
1234
1233
1232
1226
1225
1224
1223
1222
1222
1222
1221
1221
1221
1217
1214
1210
1210
1208
1206
1204
1204
1203
1201
1200
1200
1200
1197
1197
1196
1196
1196
1196
1195
1194
1193
1193
1192
1191
1191
1189
1189
1189
1189
1188
1188
1187
1186
1185
1184
1181
1180
1178
1178
1173
1173
1168
1168
1165
1163
1163
1162
1159
1159
1159
1157
1153
1153
1152
1152
1152
1152
1151
1151
1151
1150
1149
1148
1148
1147
1145
1144
1144
1144
1144
1143
1142
1142
1141
1141
1140
1139
1139
1138
1138
1137
1136
1135
1133
1132
1131
1131
1131
1130
1127
1127
1127
1125
1122
1122
1121
1121
1119
1116
1116
1114
1113
1113
1111
1109
1108
1104
1104
1104
1102
1101
1101
1101
1100
1100
1099
1099
1098
1098
1098
1097
1097
1095
1093
1092
1091
1090
1090
1089
1088
1085
1085
1084
1084
1084
1083
1081
1080
1079
1078
1078
1075
1075
1073
1073
1071
1069
1069
1069
1067
1066
1065
1065
1065
1064
1063
1063
1062
1062
1061
1060
1059
1059
1058
1057
1056
1052
1048
1047
1047
1046
1045
1045
1045
1044
1042
1042
1041
1039
1037
1036
1036
1035
1033
1032
1032
1030
1029
1029
1029
1026
1025
1023
1021
1020
1020
1020
1017
1017
1016
1015
1014
1014
1014
1012
1011
1007
1007
1006
1005
1005
1004
1004
1004
1002
1001
1000
1000
999
998
997
997
996
994
991
990
990
990
988
987
986
986
985
985
983
982
981
981
980
980
979
978
978
976
974
972
972
972
971
971
970
969
967
967
967
965
965
964
963
961
961
958
957
957
955
954
954
952
952
951
951
950
950
949
948
947
946
945
945
944
944
943
943
939
936
935
933
932
930
930
929
929
929
924
924
922
921
921
920
920
916
916
915
913
912
912
911
909
909
909
909
909
908
908
907
907
903
902
901
900
898
896
894
894
893
893
892
892
890
890
890
890
889
889
889
888
888
883
883
881
881
880
878
876
876
875
874
874
873
873
872
872
872
871
869
869
868
868
865
863
861
861
859
859
859
855
854
854
853
851
850
850
848
847
847
846
846
846
844
842
841
838
838
837
837
836
835
832
829
829
829
824
824
823
822
821
819
818
818
817
815
814
814
813
812
811
811
808
802
801
801
801
798
796
794
792
789
789
789
788
785
783
782
782
781
780
780
775
775
774
774
773
773
773
772
771
768
768
768
767
767
766
766
765
765
764
764
763
762
761
761
759
758
757
757
755
754
754
752
752
750
750
750
748
746
746
745
742
740
739
736
735
734
734
733
733
732
732
728
725
725
725
724
722
722
722
721
721
720
720
718
715
715
714
712
711
710
710
708
708
705
704
703
702
702
701
700
699
699
696
693
693
693
692
690
689
689
688
687
686
685
684
684
684
684
683
681
680
679
678
677
675
675
674
674
673
672
672
672
671
670
669
669
668
668
668
667
667
667
666
666
665
664
662
662
662
662
661
661
661
661
660
660
658
657
656
656
656
653
652
652
651
648
646
645
645
644
643
642
642
640
639
638
637
637
637
635
635
634
634
632
631
631
631
630
626
625
625
621
621
620
619
617
617
616
615
613
612
612
610
609
608
607
606
604
603
603
600
597
597
596
594
592
590
590
589
588
586
586
585
583
582
582
582
581
580
579
579
579
576
575
575
575
575
574
573
573
572
571
570
569
567
566
566
565
565
563
562
561
560
560
558
558
558
556
554
554
553
553
551
549
547
546
544
543
541
540
540
539
539
538
538
537
536
535
534
533
532
531
529
529
529
529
528
525
522
521
521
519
519
517
516
516
514
511
509
508
507
506
505
504
504
504
502
501
501
501
500
500
499
499
497
497
496
495
495
494
493
492
491
491
491
490
487
485
485
484
483
482
481
481
479
477
477
477
476
474
472
471
471
468
466
465
464
464
463
462
462
461
458
457
457
456
455
453
453
451
451
450
449
449
448
443
443
443
443
438
438
438
437
437
437
436
435
435
434
434
433
433
432
432
432
431
430
430
429
429
428
428
427
426
425
424
424
424
416
415
414
414
413
413
413
412
411
411
410
410
408
406
402
401
401
398
397
396
394
394
392
392
391
388
387
386
386
383
383
383
382
382
381
381
380
379
378
377
376
375
372
371
371
369
368
367
366
364
363
363
362
361
360
359
358
356
354
354
354
354
353
352
352
349
349
348
347
346
345
344
344
342
342
341
340
337
335
335
334
334
333
332
332
331
330
330
326
323
322
322
321
320
320
319
318
314
313
313
310
309
309
309
308
307
304
304
300
300
299
298
297
297
296
296
296
295
294
293
291
289
289
289
288
288
283
282
282
281
281
281
280
279
279
279
273
272
272
271
271
271
270
270
269
269
269
268
265
263
262
262
262
262
257
256
255
254
251
251
250
248
247
247
247
243
241
241
239
236
236
236
236
235
234
234
233
232
232
232
232
231
231
231
230
230
228
227
227
224
223
222
220
219
217
217
215
214
213
213
213
212
211
211
210
209
209
209
208
208
207
206
205
204
203
203
199
198
197
196
195
195
194
194
191
191
190
190
190
190
189
189
188
187
187
186
183
183
183
182
181
178
177
177
175
174
174
174
173
171
170
170
168
168
166
165
165
163
161
161
160
160
160
159
159
157
156
155
155
155
153
152
151
151
150
149
148
147
147
147
145
144
143
143
142
140
140
140
139
138
138
135
133
132
131
128
128
128
127
126
126
122
121
120
119
119
118
117
116
116
113
112
112
111
110
110
109
109
108
108
105
104
104
103
103
102
102
101
101
100
99
98
97
96
94
93
93
93
93
92
91
89
88
87
86
86
85
85
83
82
82
82
80
79
78
77
75
74
74
73
73
71
69
69
69
68
68
67
66
63
62
62
62
62
61
60
60
60
57
57
56
56
54
54
53
52
52
51
51
48
46
46
46
45
45
42
41
40
40
40
39
38
37
37
37
36
35
34
34
34
30
29
29
25
24
22
21
20
19
19
19
19
18
18
17
17
16
16
15
15
15
15
15
13
12
12
11
10
10
9
8
3
3
